3c011001
8c2b0030
200d0030
200c0000
11acfffe
3c011001
002c0821
8c280000
218c0004
ac087ff0
8c0e7ff4
3c011001
8c2b0030
01cb5806
200a0000
114bfff4
214a0001
0810000f
00000000
00000000
00000000
00000000
00000000
00000000
00000000
00000000
00000000
00000000
00000000
00000000
00000000
00000000
00000000
00000000
00000000
00000000
00000000
00000000
00000000
00000000
00000000
00000000
00000000
00000000
00000000
00000000
00000000
00000000
00000000
00000000
00000000
00000000
00000000
00000000
00000000
00000000
00000000
00000000
00000000
00000000
00000000
00000000
00000000
00000000
